0,273
0,270
3,2
3,1
3,3
10,225
10,287
10,155
10,227
10,199
10,313
10,221
10,201
11,9
11,25
11,23
9,5
9,2
8,14
8,17
8,8
8,15
8,5
8,7
8,2
8,3
51,4
51,3
51,2
51,1
51,0
50,5
50,4
50,3
50,2
50,1
50,0
49,4
49,3
49,2
49,1
49,0
47,4
47,3
47,2
47,1
47,0
45,3
45,2
45,1
45,0
44,3
44,2
44,1
44,0
43,5
43,4
43,3
43,2
43,1
43,0
40,5
40,4
40,3
40,2
40,1
40,0
38,5
38,4
38,3
38,2
38,1
26,3
26,1
20,3
20,2
20,1
19,3
19,2
19,1
12,3
12,2
12,1
11,28
11,26
11,24
11,22
11,21
11,20
11,19
11,18
18,1
11,17
18,3
11,16
11,15
11,14
11,13
11,12
11,11
11,10
14,1
11,8
14,3
11,7
13,1
11,5
13,3
11,4
11,3
11,2
11,1
10,294
